m13a,m13d,m13g,m15m
1,1,1,0
1,0,0,0
1,0,1,0
1,0,1,0
1,1,0,1
1,0,0,0
0,,,
1,1,1,0
0,,,0
1,0,0,0
1,0,1,0
1,,0,0
1,0,0,0
1,0,0,1
0,,,0
1,0,0,0
0,,,0
1,1,0,0
1,0,1,0
1,0,0,0
1,0,1,1
0,,,0
0,,,0
0,,,0
1,0,0,0
1,1,0,0
0,,,1
1,0,0,0
0,,,0
1,0,1,1
0,,,1
1,0,0,0
1,1,0,0
0,,,0
0,,,0
0,,,0
0,,,0
1,0,0,0
1,0,0,0
0,,,0
1,0,0,0
0,,,0
1,0,0,0
1,0,0,0
0,,,0
1,0,0,0
0,,,0
1,1,0,0
1,0,1,0
1,0,1,0
1,0,1,0
1,0,0,0
1,0,1,1
1,0,1,0
1,1,0,0
1,1,0,1
1,1,0,0
1,1,0,0
0,,,0
1,0,0,0
1,0,1,0
1,1,1,0
0,,,0
1,0,,0
1,0,0,0
1,1,1,0
1,0,1,0
1,0,0,1
0,,,0
1,1,0,0
1,0,0,0
1,0,0,0
1,1,1,0
1,0,0,0
1,1,1,0
1,0,0,0
0,,,1
1,0,0,0
1,1,0,1
1,1,0,0
0,,,0
1,0,0,0
0,,,
1,0,0,1
0,,,1
0,,,0
0,,,0
1,1,1,1
0,,,0
1,0,0,0
0,,,0
0,,,0
0,,,0
1,0,0,0
1,0,0,1
1,0,0,0
1,0,0,0
0,,,1
1,0,1,0
0,,,0
0,,,0
1,1,0,0
1,0,0,0
1,0,0,0
1,0,0,0
1,0,1,0
1,1,0,1
1,0,0,0
0,,,0
1,0,0,1
1,0,0,0
1,0,0,0
0,,,1
0,,,0
1,0,0,0
1,0,0,0
0,,,
1,1,0,0
1,0,0,0
1,0,0,0
1,0,0,0
1,0,0,0
1,0,0,1
0,,,0
1,0,0,0
1,,,0
0,,,0
1,0,0,0
1,0,0,1
1,0,0,0
0,,,0
1,1,1,0
1,1,0,0
1,0,0,0
0,,,0
1,0,0,0
1,1,,1
1,0,0,0
1,0,1,0
0,,,0
1,1,1,1
1,0,1,0
1,0,0,1
0,,,0
0,,,0
0,,,0
0,,,0
1,0,0,0
0,,,0
0,,,0
1,0,0,0
0,,,0
1,1,0,1
1,0,1,0
